6.202562311538602213e-02
4.203802273222105590e-02
-4.247902755013049925e-02
-8.457180062697140788e-02
4.204589453546082184e-02
-5.823560141125118383e-02
2.947326713565878720e-02
4.248841974165920576e-02
-5.539083904510001821e-02
8.958692044199272064e-02
-4.362356375190536845e-02
-4.265980463908942977e-02
-6.319130350256073336e-02
6.398862396217151749e-02
-7.206073304407810409e-02
-7.594626037947292685e-02
6.927036721611500025e-02
5.109100892505777369e-02
-1.066954132443131142e-01
5.682267162229576868e-02
-1.722127780427077162e-02
-2.375862830896127015e-02
-4.056526933037050975e-02
-6.022679536625868968e-02
3.724676601858845082e-02
-3.548002294354998115e-02
-1.384085746069392830e-01
-3.203074778426193148e-02
-7.217780398788976870e-02
-2.819492869207599131e-02
3.936163364023304717e-02
-1.486775889879107804e-02
6.342229957251849237e-02
-1.005936168908135586e-01
5.114953020905212144e-02
7.114978554187169346e-02
-2.849780754610928973e-02
3.469026696635157253e-02
-2.428109865992849128e-02
-6.830259835512624000e-02
6.868498919327221952e-02
-8.957638192731326443e-02
4.245172327511512189e-02
5.517265079463547217e-02
-5.000840685165000576e-02
-5.539447039257923422e-02
-2.506032304908067596e-02
-3.779604838729724858e-02
5.251438226550949467e-02
-3.837505067132968711e-02
3.319614001603534564e-02
-7.447557382851024976e-02
-3.639694103182282425e-02
3.811569482468288306e-02
1.165790615238893047e-02
-5.545305059772073081e-02
5.216506773031927280e-02
-4.094475403731587942e-02
2.551621729896432281e-02
-2.578900217527911945e-02
5.952168361003908753e-02
4.391957951527850762e-02
-3.425991632631858463e-02
3.870100799244475392e-02
-2.803648444922991756e-02
-3.906087363914169386e-02
3.744982226382561480e-02
-5.962767328999055150e-02
-2.620344615334271529e-02
-1.594765828618836118e-02
5.456530813729282281e-02
-6.229600232828799711e-02
-5.534868799343153206e-02
5.342347459746939198e-02
4.602792306628413627e-02
7.282947028550230961e-02
-4.289159701443948786e-02
1.111482268657006667e-01
6.281066437307055231e-03
-1.719903337431685081e-02
6.508587197951054559e-02
-3.881069080302824992e-02
-6.626236305851641861e-02
3.329088259644425590e-02
2.501866585778476926e-02
6.534846344988501365e-02
-3.969483057339569243e-02
6.800394431463553657e-02
2.211785575085719463e-02
3.727930241027618136e-02
-3.922231395386210906e-02
4.748419574128456139e-02
-4.240476061505979444e-02
-3.249056384830804889e-02
9.203976977914135604e-02
1.052033375994352871e-01
-3.262983666345420364e-02
-2.995338871739281622e-02
-4.115579496852038444e-02
2.939087679537313522e-02
-5.598394093267192173e-02
-2.767765177036562996e-02
-3.361646388591063572e-02
3.358628941988854588e-02
9.845639084811026731e-02
-4.390125757048410349e-02
-7.201776715964634812e-02
3.428899053609126002e-02
6.709793620306724049e-02
5.534168636931303953e-02
-6.043518166860798596e-02
4.848108147681502722e-02
-8.293596024202720685e-02
-4.424698652856297321e-02
-4.742478494474176853e-02
-2.454010343154867935e-02
5.447986085880238832e-02
-3.124752995657774368e-02
-5.129294880982678689e-02
5.123949867184080659e-02
4.280559086598626634e-02
4.315378898082299075e-02
-5.131260144754749841e-02
-2.457117795950446854e-02
-2.729289339800219233e-02
2.902859549802134370e-02
-1.840427164199857912e-02
-3.973031445963760844e-02
-9.393582686630985723e-02
-9.745160327159090030e-02
-9.556321818521663208e-03
5.488604865320099307e-02
1.985407274051065041e-01
-7.307330286517373097e-02
-7.874764653608266884e-02
6.036278909303743889e-02
8.358098593959553679e-02
1.317861999989637378e-01
-5.412959537950605415e-02
3.916763478786886021e-02
-3.663972557881781805e-02
5.789924641641582687e-02
-4.257922089475316141e-02
-5.333403966479551006e-02
-4.861523449076842612e-02
-7.071364411390418381e-02
-4.743175038947233801e-02
4.401717805038352777e-02
1.522536095404787224e-02
5.749201185437492062e-02
-6.149341174928795589e-02
-4.032474192350743447e-02
4.552858267342487636e-02
2.656682331061817337e-02
2.707074084173707526e-02
4.526363832982414903e-02
4.179192803866760286e-02
-2.349292326440480944e-02
-4.804638598919300924e-02
9.544477493459102568e-02
-1.668700915646401384e-01
-3.314713922489957720e-02
5.605182915690656853e-02
3.339240261378241537e-02
-8.628681867598839150e-02
1.339570297199438598e-01
-7.149461961033005963e-02
-6.205650018025118952e-02
-5.072944102161751345e-02
9.499502940148384089e-02
6.718312523252176205e-02
-7.220520840628445736e-02
-7.122346295533479865e-02
7.481324485068940877e-02
-2.922224114886061083e-02
8.541826240801089765e-02
-4.840272075811086899e-02
-4.271144136411671871e-02
9.186091471562055077e-02
4.786044046078689190e-02
-4.977754704187696555e-02
-2.723166759364459982e-02
-3.256387846338130998e-02
-5.861196729825417229e-02
3.823825263248612633e-02
1.373759956966628115e-01
-4.364790532282317170e-02
7.042661347646590742e-02
2.133247361843211565e-02
-5.907969251018692358e-02
5.618552266422417729e-03
-5.580491002135695711e-02
-4.468623331926895037e-02
7.810995199430853519e-02
6.673078365356735486e-02
-7.353509592782978346e-03
-3.668857098894354185e-02
-4.069852156921410780e-02
8.968965676989175406e-02
4.186822287335774384e-02
-2.674046667957337420e-02
-8.954679137555407453e-02
-5.381071482932049677e-02
-1.041634383914278178e-01
-2.193244263209813416e-02
1.152712539275452808e-01
9.175160267309609430e-02
-3.652424906351237066e-02
4.559155267774697706e-02
-4.322232553348036299e-02
1.052301841538560573e-01
-6.024847804989024586e-02
7.613822426026500834e-02
3.899699440861948557e-02
-6.088637488734689740e-02
-3.048930000351023767e-02
-4.974156864585206617e-02
-5.109837823124907530e-02
4.833712330883999098e-02
3.793781177846609898e-02
-5.799267242125971666e-02
-4.721465326714729266e-02
-6.996414588485999619e-02
2.736429896650627996e-02
8.720751013284008812e-02
-2.250505328885826772e-02
-4.405874365989418534e-02
2.087430698322202682e-02
-2.829074072613817215e-02
-6.018925135192546017e-02
3.630007592542759676e-02
-6.053251571245371609e-02
6.001087844941511290e-02
2.941083741780849137e-02
-2.055870199790208602e-02
-2.679445777500368345e-02
-4.767257559362840513e-02
-4.366577602510617051e-02
4.358999608985347773e-02
7.014696769369588303e-02
2.981621333508566174e-02
-4.809984809983339216e-02
-4.075979494300835393e-02
3.771613127994345727e-02
-2.264279562302044801e-02
-5.071796799464325933e-02
-3.318784534154214233e-02
2.823248241994084917e-02
8.109731836083397538e-02
4.245416259016192989e-02
6.328346767235407122e-02
-4.745914376496947890e-02
3.479950321666516744e-02
-1.016837918927143425e-01
5.672579031687952078e-02
2.602918045807867467e-02
4.523145489727035257e-02
-7.109742008741906649e-02
-4.024143122388965099e-02
5.647458708006604378e-02
5.111174677103560299e-02
-5.401321256865169312e-02
-5.608993059899800016e-02
3.342152652222318138e-02
-4.614266048938865661e-02
6.163699062636305431e-02
-1.233675748269315309e-01
2.461643939456165109e-02
-5.731447924706713909e-02
-6.985044428408514194e-02
8.476941506994134512e-02
-6.533014381465047926e-02
-9.444784055797063316e-02
8.881006581981681913e-02
1.140161603694082454e-01
2.937691577426196354e-02
-3.063452478709632887e-02
4.244713566476596145e-02
3.760526874418854831e-02
-8.699864595291796621e-02
6.359588467329563288e-02
-7.575642660252163152e-02
7.388870035273231718e-02
3.621078422638624589e-02
6.459301642060623350e-02
2.667661039243361676e-02
2.469123144042102008e-02
5.800513758036666273e-02
9.042565004274340235e-02
-4.738350481395810221e-02
-2.710819836238665542e-02
3.647423357582261355e-02
-2.905147517741175217e-02
4.411423485882989826e-02
9.912193653363816914e-02
7.885452112491020404e-02
2.800628150271294858e-02
6.499103142822777734e-02
-3.992398476367606253e-02
-7.888390234863677797e-02
7.009074914335754192e-02
3.278950803290812260e-02
-2.467991994187996099e-02
3.338000493419025771e-02
6.184380128246340369e-02
-3.105844579733806760e-02
-7.202394085568696036e-02
5.795983897627209058e-02
5.762824192780921506e-02
-3.482418384904476666e-02
4.384283552645241999e-02
2.511999878975827716e-02
-4.801477952203503374e-02
-2.622585754361539748e-02
-3.829644887731234459e-02
2.514550356245166818e-02
5.114621434497273328e-02
2.881112094194082651e-02
5.300342623994840074e-02
2.416891721802028742e-02
-5.572392657080686013e-02
2.101417925927370409e-02
5.382812031571083955e-02
-6.112951174903917539e-02
-5.294884063633265026e-02
-7.840851878812099551e-02
2.565182589521364243e-02
-1.986061333550821068e-02
-6.587573057302009705e-02
-1.564167877344243424e-02
2.465938348547396658e-02
-5.364151837724254884e-02
-7.229787154628436463e-02
4.930720284100015283e-02
-7.065964862758387921e-02
-4.716080735797677920e-02
-5.251930200264928045e-02
8.184371574372083236e-02
-5.968789122379591916e-02
-7.221648040410552638e-02
2.505114149872807172e-02
2.452161822858746343e-02
-1.200054927894855794e-01
-5.024766491564428700e-02
-2.051021570340991890e-02
4.670779889002251578e-02
-5.879760425572345267e-02
-5.754627328654510904e-02
3.582075754023122949e-02
-6.528980083880887852e-02
-9.448692402760953957e-02
2.505459127566759397e-02
5.441384464946040500e-02
-4.128684350746153475e-02
-6.196895822301203005e-02
1.749617707625252677e-02
-5.990257110813705654e-02
-4.627156324206840865e-02
3.343564539015425607e-02
-8.465825359295649222e-02
-2.723192596192157422e-02
-5.277787892750248483e-02
-5.424375951633898796e-02
4.000941075587198525e-02
-5.021451558852554897e-02
6.229038565339008182e-02
4.298857752410344124e-02
-4.250712299707098962e-02
2.856678635301106162e-02
2.925706778997590185e-02
-6.598721258309095394e-02
3.353692047461580977e-02
4.052466011739259966e-03
6.552413843917558045e-02
-6.118304213203738795e-02
-5.278466171326402084e-02
-3.698127789482005129e-02
2.107908702913394855e-02
-1.318195934553839377e-01
3.814580371905246237e-02
-3.456026963687885978e-02
-4.265367369369227335e-02
3.079799079269628093e-02
4.609726994941359957e-02
-5.418167219958753417e-02
-5.760969572427945135e-02
8.083331964995085772e-02
-2.834554647939556069e-02
-4.007379286434608473e-02
-7.452718772488607646e-02
2.535372368143140945e-02
-5.572811305018875866e-02
2.312182870945321544e-02
5.167371429386694026e-02
3.752579853243057095e-02
7.285110158891694443e-02
4.005317215982042572e-02
5.602698267708337149e-02
1.125710732980710199e-01
7.807364157171414742e-02
5.758728292797041237e-02
3.526611618053416414e-02
2.927274333024794742e-02
-5.605764282404628734e-02
-4.693437479280190838e-02
3.892440698164367774e-02
-2.889840888845871328e-02
-6.724494814345738369e-02
-3.347832251451296481e-02
-3.871043856662480243e-02
2.458347616722335663e-02
5.713356888857444582e-02
7.132179287868370410e-02
6.176454991266642353e-02
-2.661584030217829799e-02
-7.070360323436211680e-02
-2.081771812701044277e-02
4.789673515995765407e-02
3.966818723747701086e-02
3.225818567469654341e-02
3.342452776972278106e-02
-2.421197195009559822e-02
3.322663225587739466e-02
8.565095525920798925e-02
-7.259824339369803925e-02
-2.338415474965318749e-02
-4.018679875347266894e-02
-6.764688138737597056e-02
3.971934431287676981e-02
2.534316432151208914e-02
-7.687830959035424350e-02
-3.251623704086934602e-02
2.643505931859973374e-02
-3.466731351627264091e-02
4.143346572637628122e-02
-5.509664134334678331e-02
-6.648830826971280361e-02
-7.204103270621470267e-02
4.102655936618413574e-02
3.340465809290558974e-02
5.693979055788683796e-02
-1.035673156319790317e-01
3.301354005077482279e-02
3.333698357363902576e-02
-7.899392321199225075e-02
7.597179310163365562e-02
2.150410935856223935e-02
-4.421293694033150840e-02
3.476970777257024081e-02
5.568375251482829413e-02
-4.354160765849872383e-02
3.954740106982090192e-02
4.040984624041638745e-02
6.758467324107408913e-02
3.398874650466087582e-02
-1.736305660794910943e-02
-4.239853675006309552e-02
-6.675046142468682442e-02
-3.442404240954367867e-02
-5.171985564802199925e-02
-7.601191075896036875e-02
-1.067697356650068041e-01
3.400557082134881420e-02
3.013862489859349403e-02
-8.394377697632829372e-02
3.379999827080518160e-02
3.628294490605580430e-02
-3.537851234192156136e-02
5.320795986995213722e-02
-3.190740691810644430e-02
3.950173967209302806e-02
4.489116530006618394e-02
-3.740480608196034007e-02
-5.016706518715972896e-02
-4.078862679707218053e-02
4.429414832976678873e-02
5.095342804458379699e-02
-5.410777015881466923e-02
-3.940694147649251994e-02
2.504080405847848578e-02
-2.911344932082040801e-02
-4.360419520778867353e-02
-2.876149961772866970e-02
6.107956518660328377e-02
-4.465955482297750273e-02
-4.749246946159863675e-02
-2.076173217056713136e-02
-5.082197998955195056e-02
-6.477061823843409394e-02
4.692727742376179290e-02
4.250902473369135015e-02
5.822147517117777504e-02
-2.824919842240800061e-02
-4.468186710458219024e-02
1.572007918407513083e-01
-2.293808898115681782e-02
1.953350879695009423e-02
4.592064277509983611e-02
5.384838828053930410e-02
2.248712543481198520e-02
5.499038904835398811e-02
9.209842490731655340e-02
-5.674909846889680809e-02
5.461944483669262801e-02
4.718678985592664882e-02
1.178165991295124504e-01
-5.313441298890897446e-02
-2.588815995847539714e-02
-5.659180518107307517e-02
-3.895029847427971398e-02
6.035690839218290499e-02
-2.376140593231590437e-02
-1.327045860849071501e-01
2.733745803834955468e-02
1.190809627000784937e-02
-5.702637267889175410e-02
2.812038218071415824e-02
-3.633393444450722098e-02
-5.386296992636532138e-02
-3.593892080103151115e-02
1.243994173113411039e-01
-9.633961026008609763e-02
-1.450036321719370969e-02
-3.476613604078457320e-02
-5.633711585256005044e-02
-3.934374841429470054e-02
4.968526691860964545e-02
4.378764087541497929e-02
1.479829934896085275e-01
4.128326627040060370e-02
3.442128434720408831e-02
2.494497306792352320e-02
-2.750250438340890932e-02
2.827729021247630398e-02
4.063647172166799659e-02
4.432534293963583116e-02
4.798620859124463900e-02
-5.764536783274445270e-02
6.021439778917851704e-02
5.435912744117454842e-02
5.502055237619496442e-02
-4.896133524689909311e-02
7.149780446749139096e-02
-3.179983227265945761e-02
-4.743559764496765863e-02
-4.735250637087157211e-02
-8.841482786600672605e-02
4.166954767739566856e-02
4.158758719967016459e-02
-3.673623671730897461e-02
-6.157494175255986968e-02
4.298780176652690355e-02
9.586906238449946493e-02
1.375667399334757658e-02
-4.247439769653441749e-02
7.177746664457318460e-02
6.243755302818074227e-02
4.812688328623858369e-02
4.354892449326303039e-02
-3.609153536202661106e-02
1.163947222602631226e-01
4.639728337264160257e-02
-2.818355035988443988e-02
-7.142546316397437034e-02
4.469020394775480992e-02
5.603936264179183724e-02
7.150948439640812671e-02
-5.844832731846543589e-02
-3.051481718277944399e-02
-4.771241287881855531e-02
3.961423097462493659e-02
2.190113880173517186e-02
-5.796928817272564011e-02
6.010860965596562244e-02
-4.607412490126336357e-02
6.149946207979697238e-02
-8.614632919655455801e-02
-3.822072180154447579e-02
-5.735615288371172238e-02
-2.882306853415716325e-02
-9.947951495657254839e-02
4.626469251792494214e-03
-6.136239836514778556e-02
4.586752626960852175e-02
-3.687514128857893175e-02
7.848816164998556610e-02
-3.052874875396497170e-02
-1.115250699972576975e-01
5.383173699994932282e-02
5.189484402092029575e-02
2.789418305964012218e-02
1.794213342301639869e-02
-1.553867036547227631e-01
-2.964263889682682007e-02
-8.181031410541285409e-02
3.658793520621726747e-02
4.680590671532813135e-02
6.925116374307234424e-02
4.664709274163632985e-02
-6.458306301473318300e-02
-4.249927730941018000e-02
8.371105614786550353e-02
-6.366681591387329808e-02
-3.660885714258664547e-02
-4.963360270749036379e-02
4.651879239417411327e-02
3.311920580739840386e-02
4.078491041446276333e-02
-3.847357465833349532e-02
2.861847689016801602e-02
-1.788497440072703976e-02
3.966571259688962681e-02
6.737484943344060340e-02
-3.737749987063039570e-02
5.346556073764940908e-02
-7.336317286170052077e-02
-5.380869751846257404e-02
-3.467843891093715797e-02
-2.558526864193487807e-02
4.311020248417367362e-02
-3.602265169413215729e-02
4.205569542339738370e-02
8.558783689541180073e-02
2.814946010437687635e-02
5.628612851915554965e-02
2.599617287135719268e-02
4.160525578468556723e-02
-6.792756042250756854e-02
-6.204260704250609548e-02
-1.058038240354953474e-01
-4.195735340267579133e-02
2.840451325891676232e-02
-8.545297908400201203e-02
-3.692492682924843062e-02
-2.536400729901445300e-02
-3.124244939664850770e-02
1.134567716272327081e-02
-5.399165019974751234e-02
-5.189252290950972790e-02
7.988843175355550552e-02
2.799722613069800456e-02
-7.066179796108677802e-02
-8.607539268976474589e-02
-3.219931355466950501e-02
4.238609402955967331e-02
3.249069822545793546e-02
4.906389986928885033e-02
6.753534761425428190e-02
-2.975825510900281801e-02
-2.794037729496880867e-02
-4.156921649752094022e-02
-3.504904806451560051e-02
5.008944112851381608e-02
8.780830956364199524e-02
-5.862831133281325158e-02
-6.219403617088429398e-02
6.189163013175767031e-02
4.303495347432682860e-02
5.021105496972077392e-02
9.766570439634290890e-02
7.496525309022314398e-02
6.933711741550277474e-02
7.356927714746688829e-02
-3.042204362575423593e-02
-4.472413963409883203e-02
5.518240194061699300e-02
2.996366808782364652e-02
-1.223539827287298820e-01
6.577632394752595812e-02
-8.433635153542386187e-02
4.282014300885447766e-02
-2.067717690508772896e-02
-8.022475536391196482e-03
5.256854986954651032e-02
-5.439770628030791977e-02
2.524230421794379509e-02
-1.364663684254330614e-02
-4.473052619364080440e-02
4.152258957020450031e-02
-2.881796713738595667e-02
5.322560605104549591e-02
3.684038457128272631e-02
-5.761066373486781189e-02
5.299112263836328052e-02
-4.306577551157612233e-02
2.955042467166006659e-02
-2.044282863045033399e-02
-1.940096044478984913e-02
6.467121316187307567e-02
3.103965331708245790e-02
-5.392457573506648921e-02
-7.047077040018046024e-02
1.294785650788836048e-02
4.159919107853904396e-02
5.494900531439658037e-02
7.342070524308913493e-02
-7.143734561592185450e-02
2.228308342057794267e-02
1.085358958766141080e-01
5.635026135157968075e-02
-4.078861678987635853e-02
-3.488235690520884863e-02
3.411274096109625370e-02
-2.685693210133343473e-02
-3.768572766752945752e-02
-6.482160078643864343e-02
-3.955382150296141847e-02
4.994300573103527957e-02
1.128023890278526814e-01
3.856853438806404077e-02
1.720726680660492891e-01
-3.617586235520441756e-02
-2.652576403745770389e-02
6.540966733774700170e-02
4.311031726911587064e-02
-7.774097904796131719e-02
-5.113164744744062851e-02
-3.384124031093199009e-02
-3.851361675148008007e-02
-4.158329416558166625e-02
3.117479011868239808e-02
-8.958455316346930486e-02
-1.147282085338917207e-01
1.336185699282292812e-02
-3.494813575947383621e-02
3.105518456168902819e-02
2.975236534160682206e-02
3.113588538766298014e-02
-7.003672098256631673e-02
4.083775065615467825e-02
-9.047160876354157222e-02
3.845449420577891353e-02
5.773506305953281931e-02
3.323775480518252612e-02
-5.049367035843977530e-02
-5.248870306870360297e-02
8.453524787009070174e-02
-5.119638069990474494e-02
-2.332873270372518362e-02
2.477002803263702452e-02
-2.854674483714153554e-02
-6.912829830778047246e-02
2.887372875940075884e-02
7.778514102698544375e-02
1.612941923612538353e-01
-2.182130133540037889e-02
-7.348113466645084246e-02
-4.916585900934312969e-02
-5.460414907969732279e-02
1.201904504610384374e-02
2.811109670970394700e-02
-6.047707173303947664e-02
-4.669464724579748538e-02
-7.400923853916477335e-02
-4.024620799197169141e-02
-5.003991245970950547e-02
6.739924372684459597e-02
-5.760373565014606512e-02
1.312723437123382818e-02
3.848245891621421971e-02
-1.317369523907031999e-02
1.709038239242097884e-02
-5.683637688168702295e-02
8.983866622669492430e-02
-1.108401323758527179e-01
6.232380651948576239e-02
-8.841352820837702908e-02
4.356409127300005235e-02
-1.152673607193924338e-01
6.579056227877976004e-02
-4.723687029400396031e-02
5.858516047921226433e-02
3.579521484996454894e-02
4.386400481861441741e-02
-7.524885854901385007e-02
-3.457030903797377736e-02
-1.584134984190214979e-02
3.278170358348912738e-02
3.479728568177821446e-02
2.948527128473706072e-02
-2.879514356288399857e-02
-1.252746705273162509e-01
-6.122186733473522491e-02
2.127933915947171836e-02
-2.875264384943040236e-02
4.381229892116580288e-02
-5.051459428097300475e-02
-1.215216359023786608e-02
-4.171677056236916536e-02
2.890487027449642476e-02
-5.103623073825222511e-02
-5.910417587668890388e-02
5.471370915076795294e-02
5.617237141897205022e-02
4.672730765462619618e-02
-3.640524349702406459e-02
3.103185564030401175e-02
6.790992442103668814e-02
-9.855719716018827847e-02
8.993805827122466900e-02
-1.383483794541075923e-02
-6.111431509287677116e-02
-3.034559456755274096e-02
2.392131589555768559e-02
-7.327359104878598817e-02
-3.254450723551260277e-02
-6.386926810918720776e-02
5.462663484882321341e-02
5.989022584737360017e-02
4.600606366395427332e-02
-5.154665651485695888e-02
5.256922669234644768e-02
1.805409497728770879e-02
