1.659338692294520454e-02
5.516948110514716119e-02
5.882538125131944740e-02
-1.484066300549874429e-02
-1.153681432656834338e-03
-4.270891364574125326e-02
-9.700888322634335093e-02
4.979784763576207592e-03
-1.452331713518032960e-02
2.913137802375295217e-03
-6.954282969623533373e-03
9.074893928182238209e-03
4.353154172032167729e-02
-7.635318335238548172e-03
-4.509473135811957467e-02
-1.875776154929936768e-02
3.354726124905303697e-02
2.844495693722241467e-02
-1.999910066525767416e-02
1.589692228381596462e-02
-5.167250452703824048e-02
3.168722952656457311e-03
8.580367223031486190e-02
-2.523084670246840411e-02
-3.438766208710693911e-02
9.617770166521960595e-03
-2.781962269295092452e-02
1.173158808032349378e-02
1.435260262478570657e-02
-6.105083012991371211e-02
5.652339810063637671e-02
-8.136148300005952017e-02
-7.078413599644658993e-02
1.018538480128874241e-02
1.536141059559123848e-02
-8.427982302009709437e-03
3.937293228244646837e-03
1.830946125490296068e-03
9.145296643899332098e-03
1.630254034140584708e-03
7.091703424260230315e-02
5.183717385149675533e-02
-3.664498689575322599e-03
-1.024520485415325449e-01
-1.294564600168002233e-02
5.024831463641811491e-02
1.483025752614619726e-02
9.056900518264078895e-03
-2.890872980293340139e-02
-1.249272709604406367e-02
-3.166323006617857705e-02
7.501493667247339549e-03
1.175092283086273323e-02
-5.051467726299282979e-02
-4.071868534643865306e-02
-2.102055644306391035e-03
3.000634989677261957e-02
-1.063012640769004855e-02
-3.497838941950351995e-03
-3.835977472646036335e-02
1.692976925048572320e-02
-1.191716379604993853e-01
-4.601079347336471670e-02
-6.379491895902547616e-02
-3.544916128590525073e-02
3.735120097564927077e-02
-9.492671622640676266e-03
-3.052049315724856410e-02
9.014119646297632724e-03
5.938148846054006752e-02
-8.918007665670898976e-02
8.186984939131322636e-03
5.810493526425263011e-02
-7.057121226923628726e-03
2.247974239872775528e-03
1.305132202733877596e-02
-2.559467813430572544e-02
7.836925911911438170e-02
-3.073060051381952887e-02
1.627666640753742868e-03
-2.552884903912100607e-04
4.046891608266473678e-02
1.923263594407517707e-02
-2.797665889282130447e-02
-1.738335276357949599e-02
2.437001553453579938e-02
-6.748762668791617736e-02
-8.279140709358843303e-03
-2.623001533152535814e-03
-2.323252301383587487e-02
6.994052298955959202e-02
7.280982259427983515e-03
1.897624649051408985e-02
-1.186665172783463520e-02
1.216884944866418981e-02
1.983951269312991469e-02
-8.468718423050958233e-02
4.364087298464208731e-02
-2.566823595407278016e-02
8.758209354122239434e-04
-2.270485254885187820e-02
1.085111841878947866e-02
1.432547608807812657e-02
5.229107079831013527e-02
1.135187068710356503e-02
1.409615329978433293e-02
1.010220972486555735e-02
5.671036451830977106e-04
-3.522169946797301665e-02
-4.770667921761932717e-02
-2.985249504605215140e-02
-1.757553700367767147e-02
-2.878880906524558525e-02
4.482996604569115806e-02
-6.561038296571500804e-03
-2.123443038075358349e-02
2.585600547193278587e-02
-4.876213509465529561e-02
3.557516094214760449e-02
-1.375437168861283130e-02
-7.260389988710670706e-02
-2.849259239518326173e-02
3.194366183737317594e-02
-9.142307826295364287e-03
2.090591251522439659e-02
1.273591747614995391e-02
-3.863275165785101141e-03
3.062859148226766692e-02
1.241470939575911418e-02
1.533847404981302474e-02
-5.832452911025418768e-02
-3.518207377855745582e-03
-3.435440884565081447e-03
3.712213648223675055e-02
-8.956632404056912022e-03
-3.846605630778219057e-03
2.414532146365318960e-02
7.066068834186850674e-03
2.377780035268658304e-02
1.256651148004703580e-02
-1.197278356831827512e-03
-1.338635707687673218e-02
-2.035154828390607629e-02
-4.678158983135432408e-02
2.741295480602149240e-02
2.631384096354059607e-02
-2.277876689704250168e-02
-2.554027819996080098e-03
-4.995453808803883289e-02
-1.609855225619523378e-02
-1.700236423844260492e-02
-5.263180551977591354e-04
6.687460738778621717e-03
2.600560326524407884e-02
5.520864361185134905e-02
4.913408667115236328e-02
-1.977782590626318664e-03
-3.291705636303618454e-02
-2.441691023192702620e-02
4.885698064075160579e-02
-2.749070533981026743e-02
-3.314279648770965953e-02
-1.579988627647195554e-02
-2.285580534504073544e-02
-1.600626926101328049e-02
1.913231984103211381e-02
7.956184993708243988e-03
-2.156580885178205689e-02
-1.318175872658289283e-02
-5.570788307865973078e-04
2.701278561816183171e-02
-5.192140712522134993e-02
8.412988020315870230e-03
-4.041763787204748909e-02
-3.367020494180755774e-02
-1.077332862917958212e-02
4.785840793013061006e-02
1.090260775636315953e-02
-5.894503943219544378e-02
4.331975466043769610e-03
-6.292196993711315911e-02
5.494868931533398310e-02
3.333167110521614851e-02
-4.700413784094307351e-03
-6.212236871321096324e-03
5.958058685952357519e-02
-4.466915662573341106e-02
-2.660296321814224763e-02
-9.878550635165739280e-03
-9.152114172212243853e-03
-6.752669962033806123e-03
-1.968889661091840007e-02
1.250051646204581313e-01
6.284192093343665339e-03
1.089826565566149805e-03
-7.063428538638004926e-03
-4.240883564549727258e-03
9.080431620455749198e-03
-2.070107218672235377e-02
-1.657984245581107033e-02
1.677501928889454583e-02
1.060381580185872086e-02
-2.775834626658516338e-03
1.670836453061248783e-02
-1.888558700901692838e-02
-1.400456625789885806e-02
1.152849145253092948e-02
2.804280594866272527e-02
-2.739242776433482157e-02
-9.727606437939621820e-03
7.307476694122770622e-02
1.699395988987817407e-02
1.892969576176588634e-02
-3.636376078488080810e-02
-5.734193640766493266e-02
2.114630300980804151e-02
-8.160803508417120364e-03
4.679953553460475257e-02
-1.458404794930570625e-02
2.695375449915267396e-02
6.745004524639960919e-02
-4.754093876741661423e-02
1.027071626642511032e-02
1.964060648939650391e-02
2.766052233586503185e-03
-9.958826927255852446e-03
6.672647231637002241e-02
-8.890298270292945615e-03
1.643708033992387005e-02
3.454416992108350765e-02
-6.883105789969812260e-03
2.970174090952352325e-02
-3.452882544920400469e-03
2.667725461746333834e-02
-3.106652900770996359e-02
-1.912740370219089686e-02
3.866143134917068153e-02
-2.914621365422276345e-02
-3.400993477418950278e-02
-1.841575346193418533e-02
5.348384074667008117e-03
2.323899234610235509e-02
9.704501398508896814e-02
-9.312782128425033112e-03
4.707484166014699010e-03
1.043436059126562621e-01
-3.718660263044090697e-02
-1.009579543294032190e-02
-2.937250850724596948e-02
-3.872427828556335161e-02
2.093116568339294797e-02
-9.986840403713595840e-03
4.648167996305638955e-02
-5.551434874644793627e-02
-1.772621483708817017e-02
7.341226576518911778e-03
-3.754811841082548313e-02
-7.001427627153244439e-03
-1.857946213714804090e-02
-2.949632545999858468e-02
2.898089601709636157e-02
-1.350598066428657790e-02
-7.076088410030144729e-03
-2.571900907108716494e-02
-7.044662265255416519e-04
-1.652388959398095811e-02
-5.787010479518333445e-03
8.075205819659996009e-02
-2.470637523671336683e-02
-4.275195026030124967e-02
3.606335606952926730e-04
-2.569730911622365374e-02
-6.747525300678752780e-02
3.110097054170159192e-02
1.986766140664597904e-02
4.398734561649124408e-02
5.580185945637419764e-02
-6.730195729410743191e-04
1.591807513231790171e-03
-1.754838383369806271e-02
-1.424188038300226028e-02
2.607306551678943360e-02
-4.279400313528834016e-03
-4.817004640401964521e-02
2.957089216328715950e-02
-7.219807843582330686e-02
-2.126846173665011830e-02
-4.486815989291683543e-02
2.320062183530849365e-02
-3.033656563713991311e-02
-4.199042280972933340e-03
-1.654098299841952335e-02
1.091320442859626018e-02
3.175711380857096193e-03
-3.493940922500123752e-02
-2.428563834779243896e-02
4.644795115245174688e-02
-8.257230878987411454e-03
-2.733308223804971349e-02
-4.487008779263309405e-02
1.356303199194372824e-02
1.678295692700618527e-02
-9.986908015734111133e-03
-1.856099176182147373e-03
-9.012456984248497227e-03
-8.894290140043888820e-03
4.430139763987087087e-02
1.730703709819233702e-02
-1.767047929330462994e-02
-1.767389954537356561e-02
3.991524838114680895e-02
-1.319299354568381506e-03
4.554625313303178880e-02
-7.879293471993505799e-03
3.046875173366415945e-03
6.153790140439487208e-04
-4.684339042651845114e-02
2.323265518054734580e-02
-3.108406502861648865e-02
-2.507909846560587436e-02
-5.204378422336790712e-04
-3.304683086812824216e-02
2.988473788857590532e-02
-3.595826338010023326e-02
1.217211453813408367e-02
-3.456030029224104599e-04
-1.017180601485531515e-02
1.523780871907754950e-02
-3.963072984405913851e-02
2.098810929886881643e-02
-1.824286329745323024e-02
-5.031279629290097075e-03
-8.404646194181915331e-02
-8.012087746207711969e-02
-2.682632892159545271e-02
-4.938038715769564775e-03
6.106439230880240931e-02
3.147583981984889909e-03
1.618878628262355179e-01
-1.182538717592498956e-02
-8.287697749647562895e-02
9.673750266262309133e-03
3.678488624160309965e-03
-1.341630987392565186e-03
7.006229817403402879e-03
-1.186483021544764132e-03
-1.652882710253697051e-03
-7.099769099960176466e-02
-2.648771165279293141e-02
-2.274590720717149794e-02
5.448299445075767411e-02
9.351870718768279245e-03
1.000554005025505316e-01
9.398310193953785321e-03
-2.265625641612595276e-02
-2.441175012834939304e-02
-4.700019071893416292e-03
6.245585140820527660e-03
1.911167782960882661e-02
-6.015099565180080134e-03
-1.023457658676819870e-02
1.248937116598681230e-01
-2.107807802816165713e-02
-2.496638289314291950e-02
-5.325813190451798157e-02
4.569131602379345597e-02
-3.472890063148803552e-02
5.376806582421886360e-02
1.758218006839095890e-02
-5.865048685494219510e-02
-2.394238483750685612e-02
-4.258899812403619395e-02
-4.367123324326235845e-02
-5.409210715230892974e-02
9.739732873402844049e-03
-3.194659361051686852e-02
-1.529930930047029500e-02
3.925172499099562062e-02
2.827520338511164966e-02
7.144037472991736359e-02
-2.076777390119604466e-02
-2.203000837187418098e-02
-1.008842071795819362e-02
-2.123442918632607868e-02
-4.881955357810816715e-02
4.585598999785119034e-03
-3.360945939819409006e-02
2.831685832174783528e-03
2.529499713393230237e-02
-1.507479706546426684e-02
4.554678958045296072e-02
1.137130475101027181e-02
4.850121817010118186e-02
-1.111557235353814732e-02
3.064814851264117262e-02
4.834205614238436949e-02
1.488926433323425717e-02
-1.278477191276953737e-02
1.298819443674599115e-03
3.265605453565450372e-02
-3.500865855280436284e-02
-4.855242759518121204e-03
5.475151074948097357e-03
-4.779180605837363843e-02
-7.566410081462916250e-03
-2.564227126278703292e-02
2.900394316952638763e-03
-1.754137423374586488e-02
9.407361802678848584e-02
-1.632923484471156539e-01
-3.175345541509411174e-02
-1.992117289042541137e-02
-1.586966116883112982e-02
1.755795187344997427e-02
1.320093055525051011e-02
8.725419709764944184e-04
-9.444961978239071326e-03
-1.875106039817926729e-02
2.274041953274718794e-02
6.431220021307015866e-02
1.220650001773751492e-02
1.627794763280836568e-02
6.331914391095876116e-02
-7.689330855407372489e-02
-6.239176232865420446e-03
9.878069170986289102e-03
-1.542270568880435566e-02
-3.771057446523166067e-03
-9.825506554151474184e-03
1.254944297648435403e-01
-8.252510815684946377e-02
-1.072198159775089067e-02
4.962527561220029214e-03
-4.232675565928255279e-02
-4.636031675766899562e-02
8.877751725161224516e-02
-2.512549216643822358e-02
1.220512172040422519e-02
5.959613756875462021e-02
1.268057929499069938e-02
-8.155180490104253777e-02
-4.601421208924229116e-03
1.823297251678341474e-02
-7.959551643075390981e-02
-7.031948731838943284e-03
7.473046569621147328e-02
1.638257506589336360e-02
-2.449221064468275894e-03
-3.666229176455943622e-02
6.825682529329302195e-02
-2.312470457571133564e-02
-1.634771315055041918e-02
2.006325229170394242e-02
2.556084487356541108e-03
-4.093808257615215440e-02
-4.710310298370508353e-02
2.301548256191143088e-02
1.841767758900679855e-02
7.772233139309915606e-02
4.698149559493266375e-02
1.516175420140078445e-02
-5.868622552705708706e-02
-3.873150490417553993e-02
-3.146909563041801194e-02
-4.610141848816496496e-02
1.826439735835366091e-02
3.405828635715372338e-02
1.324554043280036786e-01
-5.010252524063593497e-03
1.481954606177814972e-02
-4.007856644886216568e-02
5.898157601809755901e-02
-9.055837792957471127e-03
3.549708029775185819e-02
-4.883702812254592240e-02
-2.877913527971787556e-03
2.784271072322637430e-02
-3.846904373952649003e-02
9.324695130150920455e-03
-2.941070374825047878e-02
-1.659120083065420553e-02
8.560908571170253167e-02
5.745457721128999912e-02
-2.703996344145371752e-02
-7.444563643011110031e-03
1.637519790466290988e-03
-3.877165452585374511e-02
-1.971600195423208607e-02
-3.919119166365678947e-02
8.577339716289894599e-04
6.795921087341558198e-02
-1.222326479909198113e-02
2.045289887098771658e-02
-1.012791430426776725e-02
-4.121563747922019419e-03
-2.217247444523188712e-02
1.832822930918851997e-02
-6.856521335647921753e-04
3.125213125957335136e-02
-1.503793675432639476e-02
-3.110849370411365722e-02
-1.598646544737830980e-02
1.500832391012531762e-02
7.885028985112150363e-05
-8.416985474281271640e-02
-1.245545488822390797e-03
-2.043324483461492203e-02
1.080664036062389029e-03
-4.291018987734217249e-02
-8.887503047553133029e-02
-3.047631236189950882e-02
1.042797072607858366e-01
8.506048838429161596e-02
2.396777269009392128e-02
7.591097678160872719e-03
-2.843701122000199394e-02
2.139007110912733572e-02
6.003723244763638917e-03
4.000450464606908341e-02
-1.335606836851719464e-02
-4.580664611667768088e-02
9.243201054982634612e-02
-3.897522720736321111e-02
1.001764388803395509e-02
6.475705702213410686e-03
6.237731287098666200e-02
-1.455479459149127894e-02
5.050644908629225299e-02
-1.965209164901271510e-02
-2.162274088411318684e-02
-7.116924391704532171e-02
1.213307896328282530e-02
-1.627288074389912284e-02
-3.392385973240925889e-02
-2.774020403448849287e-02
-4.345614608446067215e-03
-4.206584128080020218e-02
3.014973966745936040e-02
3.103134201325432120e-02
-4.423561012475854537e-02
-1.364944688415479189e-02
-3.423076087316474087e-02
1.646244211068631849e-02
-7.908857730151624965e-03
1.750503417589342053e-02
1.394920356106442308e-03
-7.173971286735278396e-02
1.535330834523583252e-02
2.691371502470498236e-02
8.319938138692256624e-02
1.072783478487626674e-02
-1.541196202033452527e-02
-2.167738121488170869e-03
4.066608459989492878e-03
-2.859089679978656789e-02
-1.910654638049347209e-02
-1.889826828987221582e-02
-3.747314645852773893e-03
8.158076275034219574e-03
-1.581480628237866282e-02
-1.160824556567421548e-02
-6.819446390477869324e-02
4.169529675970232857e-04
3.771333999399243027e-03
3.489205980606913116e-02
2.219988084085811227e-03
-1.192064570883498952e-02
-3.134038305477053477e-02
-1.199668890418406457e-02
-5.561303872865341891e-02
-1.885296412479579853e-02
4.839181169816442890e-02
-6.096747734994430352e-04
-5.147195128906284500e-02
-3.163898409252707301e-03
4.225810273634597602e-02
3.215109969496048742e-02
7.028790827894422976e-05
1.262931435854163995e-02
-3.090306585675882400e-02
-2.987978649326746353e-02
-4.203699286338526825e-02
-3.875334863593598439e-02
4.808941653225641544e-02
6.866315892600868831e-02
1.264414243714156311e-02
2.968737642402571875e-02
-1.693950339753253972e-02
-1.318479301700981217e-02
5.654742232546250413e-03
-1.915005523408230825e-02
2.099901688718751325e-02
1.059903877640225485e-02
-3.519841350034089850e-02
-2.799897991050005752e-02
5.581177438220026772e-03
4.100313349620825741e-03
-7.777492615155720199e-03
3.244348806620141537e-03
4.404300205151972375e-02
-9.692556580787523718e-03
-5.558131965785972906e-03
2.236500286827523745e-03
-2.814560675760148165e-02
2.097210094737719799e-04
-7.449917735864420524e-04
-4.391226460102087142e-02
-3.067717145591646391e-02
4.240397584386045027e-02
8.326963003638901406e-02
-5.010986617233195370e-03
3.984336200791410015e-02
6.326686519214166915e-02
1.691683942037758293e-02
-5.568785445996295158e-02
2.813774502227849028e-02
-1.371892818297995066e-02
4.875342483587107381e-03
-6.495171279419944751e-03
-9.694884622646376959e-02
5.457107440628256034e-02
-5.387641033273878749e-03
-2.595784800102810680e-02
3.234291468947401299e-02
2.808082340282216580e-02
-6.977775275768911822e-02
5.737440148997634444e-03
-4.555551545142119685e-02
5.530883774838674799e-02
1.185346796284479295e-02
-1.494621022806256853e-02
6.024216296726472852e-02
9.413982693069150674e-04
2.355275924873143079e-02
1.964539109582777790e-02
1.327920551036530783e-02
-4.409523055291006410e-02
-1.957711364360471135e-02
-6.990465044784779924e-02
2.802904862949351372e-02
2.478145440739620495e-02
-6.514879950106575450e-05
-5.648204221478700382e-03
-2.978024596699916163e-02
4.589216307357345953e-02
-9.978807319118200569e-02
3.977379911160147663e-02
2.208511929591263148e-03
-4.873861700540817188e-02
8.808781272329807913e-03
9.376754562010080132e-03
2.649190279833787617e-02
2.175050699942096544e-02
-8.494129015805487737e-02
-1.309924626354833435e-02
7.737561965172157913e-03
1.356572391141115663e-02
3.409449686358726091e-03
-2.505772992823381701e-02
-1.598824162454715470e-03
8.672830204252376940e-02
-1.045664305375289260e-03
6.113376412517291386e-03
-3.395832428621676775e-04
-6.456951611287699289e-02
-7.647393335076325960e-02
9.738355531769590789e-02
1.032455120728932862e-01
3.961828640081496017e-02
1.847458259563565909e-03
-3.838194549481081796e-02
4.450314604819743947e-02
-6.457204624166552887e-03
4.065144479358830977e-03
2.938313582718110259e-02
-1.021084752714178367e-02
-7.920389983416842306e-02
1.035820336739760655e-03
6.488234495595034124e-02
-6.779271554966297131e-02
1.638419905209589217e-02
1.963853382383675284e-03
3.068067682499207166e-03
-5.751523914853484340e-03
-1.109259817385099475e-02
5.812263512771232571e-02
3.228400453652528757e-02
6.861855404495374733e-02
-1.352483657597295871e-02
2.333585745911837678e-02
-1.197925126632770620e-02
3.483446961191612873e-02
-7.577055030143733938e-03
3.617478336859182575e-02
4.620201090200590915e-02
-1.037032128545900718e-02
8.995577342466791471e-02
-3.974961537868561268e-02
2.038733487494294797e-02
-1.442766362702453849e-03
-3.909613033325581161e-02
-9.586242869540725908e-03
-1.808576877894212120e-02
-1.212877619721348032e-03
2.836921212199129336e-02
-9.744273693849551943e-03
-6.281959708801689024e-02
2.298096628508954423e-02
6.071560692425578137e-02
-1.087158808863097556e-02
2.627643684148813635e-02
1.488612055290728861e-02
1.040706361320863499e-01
2.098540333592088455e-02
8.353537711718542202e-02
5.593920772821184273e-03
-2.345805644128654693e-02
2.885749944307224382e-02
5.896870664729377681e-02
-2.001339734993700520e-02
-3.121501603881418271e-02
-6.780946844471980040e-02
1.710086778737932023e-02
-4.512592268345571624e-03
-8.960542618912520352e-03
2.494402637561106070e-02
5.531312107168002978e-02
6.088047145268724036e-02
4.387207541652057147e-03
-3.565678172542906688e-03
-2.667262678354518843e-02
2.598489591165197357e-04
-4.776895456635052439e-03
-3.849512314634403326e-02
-8.700583957554302791e-03
6.736332107792806188e-03
5.106074698563971281e-02
6.590013510035376554e-02
6.241745710655353940e-03
-3.198853998915471980e-02
-4.921965338534826928e-02
4.165454814300965924e-02
2.541957083646236709e-02
1.388259811982880086e-02
5.071741587328896378e-02
-3.149206604061487169e-02
3.169545727284101000e-02
-2.146809753759319241e-03
7.194117931772792476e-03
4.418110823748831045e-02
1.713333024315840530e-02
6.515933438110257936e-03
-4.814462206606800326e-02
2.565155488231583153e-02
1.153596499800144115e-02
-3.327331792388733139e-02
-3.020603865937841748e-02
4.249532307043109303e-02
3.861283275784485169e-03
1.146355625271339856e-02
5.071402214371029116e-02
3.853865730626798713e-02
1.913381988262913974e-02
1.130539841420554262e-02
1.368668236016013992e-02
3.615532525749337589e-02
3.888275394386540417e-03
4.551777960632018283e-02
-5.027711449974353597e-02
3.009637024642837499e-02
-1.486913390383602998e-02
-1.851360270586525870e-03
-2.549685271602080555e-02
2.129945957587554492e-02
-7.612597530756825236e-03
-1.084647229175549196e-03
-1.371065579067403707e-02
-2.215687582814989190e-02
5.522134526517505360e-02
-1.340751243060446171e-02
-5.190346924018404695e-02
-3.271475408532257406e-02
1.619040223322181643e-02
-2.343171866367263316e-03
-7.121308939428301447e-03
-7.468994314137966661e-02
2.563102519443955299e-02
-8.744113797539667526e-03
3.143009734761785523e-02
-2.965447435988927821e-02
3.266552345631408734e-03
-1.587171530568503436e-02
-7.630354210192324960e-02
-1.496337696116919027e-04
-3.067977749176535596e-02
6.835447634042542131e-03
2.868035657807686475e-02
-1.267623109469083811e-02
-9.654271069929873383e-03
-2.921349974149222220e-02
2.197418207264869097e-02
-1.888353983525100505e-02
-6.427265729054630616e-02
-2.496068211552747093e-02
4.649675994617584462e-02
-7.014710013291490520e-02
-1.271000305514358164e-02
1.206290729657989204e-02
2.134079001419500032e-03
7.472349945566820681e-03
1.001230663178838062e-02
-1.700423564040754593e-02
-3.439311492848470125e-02
2.038810638227491270e-02
-1.490130848970314115e-02
-5.127151707717091111e-02
2.419943287233402088e-02
1.080042758714999489e-02
6.844690786526574922e-02
1.759224340264859028e-03
-5.067925994386108385e-02
-1.578411670864339478e-02
5.425624611256903151e-03
-1.372541411283885633e-02
2.175531706300451451e-02
-7.155269216159745871e-02
3.149885629754347466e-02
4.047053423868607336e-02
1.445909073140739902e-02
-1.280033925831712827e-01
-2.543412634434243525e-03
1.004157285238053282e-02
-5.995566654722896821e-02
-2.702966464601210331e-02
1.360139809489631021e-02
5.138826250342130864e-02
-7.100003573821618563e-02
-5.465382827136685065e-04
-4.539119427913851368e-02
1.781721627772682795e-02
4.739713460968585090e-02
-1.069379358038376714e-02
-8.573191746845947037e-03
9.286134112766882345e-03
-2.795226368530482220e-03
-6.044113699943923224e-02
-9.788518975256534083e-02
1.855691912218195364e-02
6.213487630850857840e-03
8.855957358408699659e-03
-2.141666879042341404e-02
2.842882576021021901e-02
5.018655963275543697e-02
-7.736687256215522661e-03
4.915786697549384687e-03
9.704005617029618294e-03
2.277484757554903982e-02
2.218247522072802538e-03
-1.242685849571459854e-02
-3.416823995908501582e-02
-3.169778820355810892e-03
-5.610913082265425733e-03
-4.579220749257367079e-02
-2.789258929529428443e-03
3.162802262888556037e-02
-1.861088422933240491e-02
-1.634480483630572703e-02
1.469763561781614949e-02
9.701552421608791721e-03
-5.313841302888363399e-03
-8.128052293822409305e-03
-6.746890357256143250e-03
-5.756275429940995586e-02
-4.298683971722174618e-02
8.841305939136451589e-04
-6.909368983219686157e-03
3.342486580935741941e-02
1.618868986546374844e-03
7.040520017614708935e-03
-6.276462273100774647e-02
-3.868625446663535861e-02
1.727381043151320766e-02
-6.077830196973897647e-02
-4.696561987963541324e-02
3.049730822771310607e-02
-4.323361556150177171e-02
2.329251443506534080e-03
-1.622234836192822452e-02
-1.781592159771195824e-02
-7.195612893958964681e-03
5.417064079631286888e-02
-1.418789364063097538e-02
3.323558012059759335e-03
-1.262999081075965278e-02
5.392128735122287547e-02
-3.395739306801404817e-02
1.034970806389192213e-02
1.304855032477698212e-02
3.399478586967950855e-03
3.153021194139853101e-02
3.803700502189663601e-02
3.676706303230621239e-03
-5.524934429692297116e-02
2.036384847490353006e-02
1.211436858468272620e-02
3.583496472621654216e-02
-5.127663003070502372e-03
3.249796941351659751e-02
7.584485897898458027e-03
5.548028145744274275e-02
-1.349850943651073609e-02
-4.372472337959566746e-02
-5.763835249252031306e-02
-3.354762118066476062e-02
-1.992155700574097660e-02
3.596033461594076719e-02
-1.436843337711010520e-02
-1.113748483547192386e-02
1.539405394210017694e-03
-1.150338182865856262e-01
3.334731389389553047e-02
9.689387045085560979e-03
-1.849513052147541692e-02
-3.629266608562995572e-02
-2.388666346773898018e-03
1.180511378506219136e-02
-3.809394824852100920e-03
-3.107326823677730374e-02
1.266555144888117240e-02
3.135910824330209040e-02
3.794954881450561535e-02
-1.525268431682072663e-02
1.642289571716978175e-02
-2.986276363952340349e-02
-1.572105234437005256e-02
1.071644039708985995e-02
-5.562163861545854626e-02
6.643602497090209461e-05
5.859109565665641950e-02
-1.285385823344339234e-02
-2.730298087917229846e-02
8.220205526364404280e-04
1.785109389694561344e-02
-2.307999026829678484e-03
-1.938667721837094085e-02
-6.655824259872930755e-03
-1.075587805018696913e-02
1.224904320256999316e-02
-1.740472470581935424e-02
-1.170881174307927819e-03
-2.288327137594177441e-02
2.198091686859946978e-02
-3.852998887893571006e-02
-6.555884714802241373e-03
-5.621776627722760433e-02
3.708255697336563378e-02
-4.249238350737383901e-02
-3.112513701931926991e-03
3.283606087319052014e-02
3.718394766655918303e-03
4.304231965769615004e-02
1.751465814675528393e-02
-4.291027470897523441e-03
2.998638803595787827e-02
-9.384450548484716756e-03
-1.243840719340408643e-02
6.397499361233727894e-03
8.072922995153858361e-06
1.881306272195889737e-02
7.798444026592958600e-02
-4.062670499405738982e-03
3.453678239369444014e-02
-2.623531625111655274e-02
-2.807635633368225220e-03
7.295198560823882260e-05
5.099238490605072227e-02
1.182292653188137255e-01
-2.081365541481940140e-02
6.216183443435359390e-02
-2.357415284569117780e-02
-1.259069327441933103e-02
3.891239791289487215e-02
2.095432091475737946e-02
3.181677154550677927e-02
-3.954585172718114161e-03
8.611065039137865904e-03
3.442778043219353601e-02
1.558278184089771819e-02
-4.240995379531584120e-02
-4.810751252060802008e-02
3.787115716271900745e-02
-1.593984964903420384e-02
-3.262226495624671874e-02
-5.395154653933834088e-02
-6.838294176136399706e-03
1.659927040446018340e-03
-2.943033869328601573e-02
-4.089214295040619063e-02
3.395328665832206272e-02
-1.335646162872080461e-02
-1.867044197133909886e-03
-1.127366649128893651e-02
1.680933622404489399e-03
-6.398424966179809548e-03
9.479421021438182854e-03
4.515610712940006100e-02
5.608111671734387904e-02
1.944880109457298653e-02
4.578034582066611152e-02
-1.061556056602356614e-02
-2.850546103919789770e-02
1.405403214539138572e-02
-1.552335051906053587e-02
-7.282096681942311356e-02
-2.344520382694634253e-02
-2.208324106203176859e-02
-2.695677513180671711e-02
4.535682007936804594e-02
-2.062496167792482460e-02
6.074018648755066113e-02
-7.805377190396018891e-03
3.324285282897013194e-02
2.007596017471345064e-03
2.682484405102888991e-02
-3.257633777702231143e-02
3.377202412168005263e-02
-4.162612270297645807e-03
1.139046398270637979e-02
1.143717916512192005e-02
1.066096260914293353e-02
-2.384215282622230078e-02
9.736239643762781282e-02
-6.764742499602907633e-02
8.828822749223003141e-03
-1.430532755567728159e-02
-3.477526744374715567e-02
-1.084459876542454709e-02
-2.572642055750008067e-02
-4.047380304423928155e-02
7.211001917741509393e-04
6.198779199447694219e-03
2.166543286266816443e-02
-5.382753790851361325e-02
2.320825513495178294e-02
2.691279964161004054e-02
-8.821199626819237194e-03
3.071701840596893426e-02
-7.284702817775277894e-02
1.712510486508881519e-02
2.082184513267192755e-02
-3.499991525943493137e-02
4.167881938051513219e-02
-3.194232468486307708e-02
-1.852681305947538951e-02
5.670318888013316239e-03
-2.082364302630765329e-02
8.646914652059640993e-03
2.166999326164292458e-02
3.278918608581595645e-02
1.552157573398412968e-02
2.511181945137936494e-02
4.450803318972173898e-03
-4.910858097877925793e-02
5.386261854995554217e-03
3.254898672032787918e-03
-6.715474915932164238e-03
-5.569959887521277325e-02
-2.639203136977708725e-02
-4.374760142830644988e-03
-7.011386784198191287e-03
-6.669148944386520117e-02
6.809519683999176731e-03
3.101779303957137232e-02
4.167702159324624539e-02
3.437489375588092047e-03
5.054270351924560617e-02
-7.523161882293544211e-02
1.948534980972358582e-02
-2.274402501003552901e-02
3.094663100021594407e-02
-2.194668448171734759e-02
1.187538217785404256e-02
3.078204671787088814e-02
-1.253962394390415944e-02
4.548274336500290893e-03
-6.703265671768410261e-02
1.291946182278954844e-02
9.316863776366810998e-03
8.339534747178316276e-02
3.487583763880262866e-02
-3.598458243375879384e-02
1.854161696062855968e-02
4.276463662588346482e-02
-1.642536803282841282e-02
-3.293019945221322548e-03
-8.096009612772663705e-03
-1.424988465874218319e-02
4.406727810367213477e-02
-3.941135832956528529e-02
3.032748232296692686e-02
1.535284166218357435e-02
-1.761335688123630977e-02
9.819354883514487889e-03
3.812916049682187752e-02
6.097103438982228590e-02
3.250933616949611138e-02
-2.750353665499337408e-02
-4.251285728045129525e-02
9.004552646091630586e-03
-1.498328924896713890e-02
2.355514738992108004e-02
-1.599314326186157889e-02
-8.755597843021106427e-03
1.140510030531981939e-02
-6.231059750774300965e-02
1.059840947414364756e-02
-1.291206050098072169e-02
-2.754058004890516317e-02
-5.170280470601626432e-02
-5.569669587113295489e-02
-8.373472805776173422e-02
2.314762259228909328e-03
8.301264586865001946e-03
3.831372636409281773e-02
3.632913190347324822e-02
-7.468872261642900412e-02
3.467268401147548251e-02
4.182477408933474305e-03
-1.198969968364431643e-03
1.743193178183138556e-02
3.820361942477142059e-02
1.763973451765338263e-02
7.163324371987443012e-03
-7.287689153436903780e-03
1.830255739335064774e-02
1.761467132808969618e-02
-2.355998036695849604e-02
1.935923865653984069e-02
-4.255519816896450452e-02
6.030075284772302285e-02
1.012501013519978219e-02
-1.645524172727954801e-02
-1.107079445687348708e-02
1.227056911015183584e-02
1.830813508265832085e-02
-3.773092818519729191e-02
5.735209450566762512e-03
-1.315603890332226779e-02
3.241442033047867849e-02
-2.954253148868645276e-03
5.652687857471874744e-02
-7.332703128137130558e-03
-1.170077106536747055e-02
-3.956177296830645784e-02
-5.044361319246504910e-02
-5.016347704250396361e-02
-4.696700035461934437e-03
-5.210588337562081958e-03
-2.262672153315527235e-03
-5.209195710744310426e-03
3.083136762109212059e-02
-1.863131202039834330e-02
-1.376743835205618618e-02
3.314668141593502329e-03
5.303075908860375304e-02
-4.971715870391937853e-02
1.267778254729703784e-02
1.694873213641695520e-02
-2.389295133825077369e-02
-4.049964816875782636e-02
2.953563537274805223e-02
1.535372866345218607e-02
-2.053097031599980873e-02
-1.005182033430559486e-02
-2.983906987262548854e-02
1.361925177040654994e-02
7.417503061516216370e-03
2.336189158942984789e-02
-4.868271848357651199e-02
-3.293928505381280708e-02
6.951356811226865051e-02
-5.709983377895066874e-03
-3.283864793474932514e-02
-9.399229302529402835e-03
2.152279311795275013e-02
-6.429002876263521446e-03
1.535696327050249319e-02
-5.164754503054124965e-03
2.441822921869426025e-02
-3.958312874033231843e-02
-1.728794868099426838e-03
-3.105964740526896001e-02
-2.020369655201978767e-02
-8.060677139390549917e-03
-5.131248284016325101e-02
8.922266871588851317e-03
-1.211006974765813961e-02
-1.118460466089251683e-02
2.095542383259227023e-02
-6.047207853669824690e-02
-2.058522942885107967e-02
4.592798623460771223e-02
-4.033890365642325490e-03
4.033358259949933883e-02
2.117885641878011413e-02
4.086525792159069470e-02
1.422234470726136367e-02
-3.375177818001482560e-02
3.582385206540853861e-03
-1.505261742444002210e-02
-5.966061765767135400e-03
1.750650236727089443e-02
1.071424451183666804e-02
-2.946929374366015660e-03
-1.343007111894805802e-02
8.947840837978556210e-04
9.185172120528913367e-03
1.740316522092863818e-02
-7.041251600748264609e-03
1.109833346441187543e-02
2.079773772105087196e-02
-3.642637644465104158e-02
1.519630197384581605e-01
9.341148683130363548e-03
4.658272575068222836e-03
-2.360621943558675450e-03
1.007828172941562135e-02
-3.069194128264571622e-02
2.689879067273245883e-02
1.724970606908358267e-02
-1.143387633263877844e-02
-2.165235551895812200e-03
5.788340766090424583e-02
1.892608301910613314e-02
5.893017987613763387e-02
-1.934809481392009423e-02
2.335063785528964167e-02
3.596050391133948781e-02
-1.748727898560374638e-02
5.065705228527045412e-02
1.374711968095908461e-02
6.193949246231508082e-03
8.492905629700449321e-02
-6.955223980935714562e-03
-3.138058482094778501e-02
1.618285180780301008e-02
4.160815709545147290e-02
2.165978004994133406e-03
-1.701781971690380368e-03
-7.347680036848399862e-03
5.350016303914846560e-02
1.207517754043001545e-01
3.820518372099743556e-03
-1.850284631990520637e-02
-5.701605407007085541e-02
-3.739108087066884967e-02
-6.367750827385272420e-03
-4.235992082324460672e-02
-3.479441762493317575e-02
5.741354106936156360e-02
-3.156637356803777134e-02
2.002592290414139178e-02
-1.244005287019137596e-01
3.314880213567515665e-02
4.242054113965647993e-02
-2.155249789720522363e-02
2.377286249688759928e-02
2.346059900838367088e-02
-6.183552385676528013e-02
-8.533451419935049465e-03
3.162976428763560055e-02
1.196426703005190606e-02
-1.313902178936426912e-02
2.445271401250347434e-02
-5.516464174240710838e-03
9.844913811749069280e-03
1.898216602308131634e-02
9.020189200473894067e-03
-3.032117359282841471e-02
-4.260240473804011163e-02
-3.096224217592244074e-02
-5.616937435163250718e-03
7.543761926051642877e-03
2.250745466541917775e-02
1.149343550101585877e-02
1.531028462518976493e-02
-1.051469623273620924e-02
-1.316875418928092900e-02
7.436335726978936765e-03
1.138874584255272215e-01
-9.104440375713740430e-02
-3.131181994674138436e-02
9.822061290771080810e-03
-3.469475046687032355e-02
-1.475115630994122858e-02
-4.844322191723961918e-02
5.712110761768387363e-03
-3.563822212711505177e-02
3.584769607487218318e-02
-4.695462128185274968e-03
-2.082798555625124323e-02
-1.013976092833517376e-02
5.415153087720541575e-03
4.077415332973613124e-03
4.423922401319110159e-02
-1.554992493177590612e-02
3.651099501331896667e-03
-8.323904133246459031e-03
1.309429085001969084e-01
-2.484047983282960601e-02
2.695634695817912194e-02
-1.490721583814405560e-02
-6.094117903885205856e-03
3.256351540428846850e-03
4.627528636793276640e-03
3.421062132588993665e-02
3.853578604154861420e-02
-2.855026323532508167e-02
2.842628453279401335e-02
3.775588262931326572e-02
2.371616845044293917e-02
3.786811987261139850e-02
8.325228808431681463e-03
-3.037344540007146619e-03
-7.297672525941236582e-03
-1.594341205467256911e-02
8.952774453931781201e-03
-1.124697745128709625e-02
6.157266314361377856e-03
1.541031001873850378e-02
1.593511099576002191e-02
9.588476670408456470e-03
-3.906881417813685628e-03
1.243442275184474845e-02
-1.204271111132199784e-02
-1.082859284754442500e-03
1.225589456092951186e-03
4.331351007422502841e-02
-2.315346874951022468e-02
-5.917188312529537281e-02
5.302954341997777321e-02
1.230209814535951005e-02
4.892274130829109280e-02
6.086189063251654097e-02
-4.448258788065026503e-02
2.278860877653385991e-02
-4.469870150094999717e-03
8.500699945748129566e-03
-2.469852391026529370e-02
5.479539107958874763e-03
6.042059055295900122e-02
-1.856332709785184915e-02
4.874853809695781949e-03
-2.851608947467856175e-03
-3.296178653977156064e-02
-3.848033630582512604e-02
7.564547427177766709e-03
-5.916538051418101379e-02
-9.496809230165875748e-02
-1.566743655668735927e-02
3.046073761051775255e-02
4.774236167588287449e-02
-1.887261063789789570e-02
-3.318425459770256436e-02
-6.099773016749188148e-03
-2.347142832014670680e-02
-2.271194389048195039e-02
-6.748446253024061037e-02
5.203438879584327409e-02
2.171509555786150722e-02
9.501327379410945406e-02
1.388757831961912569e-02
2.796100612298319660e-02
-1.218306496929450790e-02
1.013715784205172256e-02
-2.854287250810757029e-02
-9.817059314720876471e-04
8.659546000271348132e-02
4.826436651702618874e-03
4.926979707920525753e-02
3.380561252195853766e-02
-9.489608441978863301e-03
4.220489002051593282e-03
2.898054264470514233e-03
3.538489329058176758e-02
6.691286264582434369e-03
2.140045906915847770e-02
-8.277432117972369219e-03
-4.779317940342702603e-02
-1.993187522697471153e-02
-3.526550785516253429e-03
1.164983192906863217e-02
-1.671232675024284658e-02
9.729523668713671580e-02
3.376632616996368824e-02
1.765068573898185417e-02
-1.548576737005444987e-02
-5.905837585140013418e-03
1.319029681010331669e-02
-1.772876757403623119e-02
1.513758826380127119e-02
3.771877207964560372e-03
-3.559566121136133361e-03
8.619893467531369521e-03
-3.021287610369358806e-02
4.962953680641387852e-03
2.264572902801883364e-02
-4.700621815731878192e-03
-1.175621719830554496e-02
-6.901130223214249626e-02
3.603203345153146997e-02
4.690517205572463516e-03
4.879269849999971070e-02
1.272642643041658811e-03
-1.732428067753138262e-02
-5.979304646361535865e-03
6.154356482602579836e-02
1.480476765593432501e-03
5.811168292978415636e-04
1.306440814052089658e-02
-3.309089000596468488e-02
-2.727879636175292721e-02
-8.766863876745285486e-04
2.055165064753512738e-02
1.095907575561094749e-02
2.207268074803763955e-02
1.773353444365051088e-02
-4.104948689556582597e-02
6.711571702622847434e-03
-1.111150977530723019e-03
-1.736950492315435940e-03
3.816053466536167837e-02
4.272848236061048410e-02
-4.074171006494359260e-02
2.367644914973363393e-02
5.655543139081886661e-02
3.716758067407463853e-03
-2.643366981678496944e-02
-4.461821444175592677e-02
3.425179700688484215e-03
-2.297498980388385653e-02
-1.982001534486044214e-02
2.010327718076860420e-02
5.095776637606098947e-02
-1.320275787706496305e-02
-1.406022566563092102e-02
-8.755580046024821761e-02
-2.336323404025611103e-02
-5.497785129859347059e-03
-4.480017773047052787e-02
-6.992835670323226116e-02
9.381886220985256875e-03
-2.286378011955064737e-02
-2.785833339580771201e-02
1.335642728861477328e-02
-1.145104572125102138e-01
1.972362045650959475e-02
4.421617674835124495e-02
-5.013145860290323108e-02
-1.860170110514248326e-03
4.556171315148654921e-02
-2.445823516790074717e-02
1.424403786521241319e-02
8.909556458129403236e-03
-2.937494554982510164e-02
1.924863430177021790e-03
8.037165526401129911e-02
-2.256582696322486162e-02
-1.806433981413245460e-02
-3.232086577761668356e-02
-1.074994641404872636e-01
-1.590716824879860949e-02
1.928869049409292699e-02
4.699140147423955249e-02
2.937817312155569741e-03
2.628298561199150351e-03
-9.640824401695934857e-04
-9.919050116563414305e-04
5.761323984722776029e-03
3.562090596595441500e-02
3.482317222387125433e-02
3.687940268601772563e-04
-2.167067814406491849e-03
1.545103871114882847e-03
2.935039931710527530e-02
2.482687456354695787e-02
1.503312522911740348e-02
-1.838163144013173211e-03
-5.566736541229130170e-03
-1.384420192310584496e-01
-2.723565580090952717e-02
-8.697748912869186777e-02
1.535690534183753106e-02
3.786074261396457641e-02
-2.383576831008461794e-03
-1.295989295365281360e-02
5.029990682719366613e-02
7.167540641468815588e-02
-2.176655594715424732e-02
4.586481086155645703e-02
-6.354865700897333047e-02
-4.805133532668698360e-02
7.984046994953544751e-03
2.437151758061450665e-02
8.242148462557326305e-02
-1.502343707023868873e-02
-2.241146431078117063e-02
2.466645996965214499e-02
-4.872723355712567372e-02
7.586621033511055032e-03
-8.599456249299810076e-03
-3.317367385363643225e-03
-3.545449203652140113e-02
-5.387710934085977732e-02
5.081335427323819404e-02
2.206624116904691915e-02
2.830091585047546376e-02
5.795601770363974919e-03
4.315939187668590971e-02
-1.464325232291603836e-02
-3.230869384822322721e-02
3.066517844069724733e-02
8.012858317156163618e-03
1.597042625794037676e-02
-2.205420997321298066e-02
-1.116202612339402267e-02
-8.689258087202070269e-03
7.776978668029085537e-03
-2.723326156165109535e-02
-2.578544933405054612e-02
-1.426234926113467000e-02
1.587538074813452105e-02
5.352452680263809770e-02
6.962417463223861958e-02
-3.807835166102033209e-02
4.983874236062290491e-02
7.175726846037086201e-03
-2.110619758224876324e-02
-1.301406131172501597e-02
-5.487397503293153789e-02
-4.484522442247986657e-02
-3.202335385210575841e-02
-2.267006965260809359e-02
2.094173280450667418e-04
4.054140986179385897e-03
-3.321848881917073559e-02
4.631865165441104853e-02
5.576190263695496394e-04
-5.880576809577415728e-03
-1.975355002960693315e-02
-3.619326372500045186e-02
-5.926197110014280473e-04
4.114118558743627696e-02
8.069347784813812830e-04
1.295096789145516215e-03
6.859327205721986453e-02
3.984556421725587994e-02
5.076552960372529566e-02
2.033826362288321254e-02
-5.649113707943649761e-03
3.305053382007768631e-02
-1.052719582943769869e-02
3.460157470657871520e-02
8.922568922704736047e-03
2.111541353626225290e-03
-1.232694036786533692e-02
-6.879726874385291846e-02
9.294994517359475572e-04
6.460081621302655487e-03
-4.889900054086305375e-02
-9.424748076110205097e-02
-1.730563393959088508e-02
5.901034391818928311e-03
7.945090258959624716e-03
-1.397307746760931106e-02
-3.680562159218067619e-02
2.821076420139356083e-02
-1.748223055587922597e-02
-8.608217885595567664e-02
-2.596526591223582633e-02
-1.634901571821171726e-02
-1.139748811173182767e-02
-6.524874435957312736e-03
6.540696376720313288e-03
-4.992464825647534993e-03
-2.716876901529707844e-02
-2.841361931198606999e-02
3.125007949618599859e-03
4.780870456291732261e-03
-3.390728898337100339e-02
-2.429576257010080190e-02
3.787473415106291930e-02
-1.703532698637000645e-02
-2.652812613193089933e-02
-1.468640846533262288e-02
-4.769610676139243721e-02
-4.214282441663599887e-02
5.876653379109868930e-02
-1.159927529016546201e-02
6.951430461660836058e-04
2.752087604651794542e-02
-6.460071677013042024e-02
-4.903095185039570147e-02
3.696048272235867918e-03
-3.598415447351431540e-02
1.520774712162787506e-02
-3.423579082987963668e-03
-1.360445819613050750e-02
-2.121922230151464944e-02
8.069220627053258488e-03
-2.493871298185915131e-03
-9.576633249862612565e-03
4.592630790540126740e-02
-2.890831665456426031e-03
-1.210474497328515968e-02
3.381911529287950913e-02
4.719765735923319577e-02
5.777994716799022754e-03
6.886823989022848591e-02
-3.267352906809399982e-03
-1.749702134098227516e-02
-4.105695622385818755e-02
-2.441955024901332899e-02
5.739202296859164526e-04
1.007235869317041517e-03
4.714811664136648629e-03
-2.738705378327448842e-02
-3.127550315377622403e-02
1.811757267980872166e-02
8.145153882058426761e-03
-2.754208330266825350e-04
-7.747480907322104983e-04
-3.871345591692515464e-02
-1.837477277983342108e-02
-8.353812926993435528e-03
-1.540132347354053292e-02
4.056184013188683657e-02
1.286831556951856942e-02
-6.183125725919565814e-04
8.050213642490293420e-02
-1.493228801998424185e-02
1.835338474717051679e-02
-5.501963788737255362e-02
-6.821622165076830779e-02
5.369735859299876179e-02
4.214214388390587207e-02
4.141824754981036222e-02
-2.340949569210748135e-03
-1.309839239336349319e-02
8.701413469048362159e-02
-1.381193458256347976e-02
7.598965239276815609e-02
-1.727312055105211311e-02
6.309694731216689001e-02
5.609789815295398475e-03
-1.876370670927605955e-02
9.449559177245995395e-03
7.280247351446340887e-02
-5.721831597043772200e-03
7.168836267184524116e-03
-2.769704895642282672e-04
-3.661823887578397746e-02
-4.109649498903088921e-02
5.502428472725175157e-02
3.112531897683327997e-02
-1.366082338175172474e-02
9.988692500424584120e-03
1.026665940267148212e-02
-1.182055121973563522e-01
2.602984100175919149e-02
5.141677011806700115e-02
-7.266783606120299534e-03
-7.756761280493573718e-02
5.739949426835534198e-03
2.320308729394683286e-02
-3.497354080679686283e-03
-3.759302453651585871e-03
4.929388598370398195e-02
-1.736236362811715075e-03
-2.909701634735735107e-02
-2.731268743213530886e-02
-7.371910129023226746e-03
-1.714549240928005605e-02
1.151552610479033428e-02
1.195407726394840178e-02
3.381258501620632018e-02
-7.528343347333784838e-03
-4.822979361505218970e-02
2.727225461914493596e-02
-3.032033312702705000e-02
-9.331679390574708702e-03
4.008708112598700912e-03
1.666596226000932601e-02
-5.872688641445944794e-04
-4.156335473492289018e-02
-5.087488715628692842e-03
4.948768213488850126e-02
-2.736299788291425908e-02
7.980910680598843690e-03
3.178757875884507221e-03
6.297283231797110026e-03
-3.670771738946226881e-03
-1.148869877678334976e-02
7.635604890190846039e-02
-5.172559938492887754e-03
1.955043710053919193e-02
-6.260916313737070228e-03
9.280020675535901459e-03
3.651908245186101520e-02
-8.982385156930500561e-03
-4.821056105773915967e-02
4.315059823326074934e-02
-2.398388774134652471e-02
-4.635139891366003503e-03
-3.309546982465789294e-03
-3.652931751366255558e-02
2.823967891054571851e-03
1.271533336542811192e-02
-9.694174240194638331e-03
2.203176272935877811e-02
2.895875653014600912e-02
-3.093249896135593854e-02
-3.027111025437013297e-02
6.518891856958790310e-02
1.669632820246166188e-02
3.230345623719602793e-02
-5.252930433326894605e-02
-1.242854357522136383e-02
6.407700720646598500e-03
1.131968509649140461e-02
-8.309546565573945609e-02
1.725425436294411238e-02
2.907017714429958530e-02
3.785270333389227637e-02
2.106884168820231593e-02
-2.440576736678052444e-02
-3.736643978407133086e-03
6.183884629558250579e-02
1.300596012784084122e-03
7.419730509851335531e-02
-1.918705801761527371e-02
-5.557534123036269452e-02
-2.312269985262223326e-02
2.943468171522207327e-02
-2.396270950774583020e-03
9.036607008146367581e-02
-7.119788925415821389e-03
-8.313633628539060169e-03
3.697145981946278292e-04
-1.635851618288557824e-02
5.273252488645792380e-02
-1.250206392149428788e-02
-3.147946275919291659e-02
-4.193610822188171411e-02
1.455147096285545893e-02
-4.419097241323511824e-03
-2.111187978356626749e-02
-1.068232378366724966e-02
1.462743486360175080e-02
1.956799425395832487e-02
-5.802068899499180504e-03
-1.282806630584109805e-02
3.513401415086172402e-02
-1.248641963001383831e-02
-1.197282545204977205e-02
-3.382375463236388102e-02
-9.815013780750029768e-03
-4.522822533387606259e-02
-1.421482557036825300e-02
-6.533158303478660278e-02
2.231348106994749877e-02
-3.078006203853539055e-02
-3.377664600030191606e-03
-3.762858824319959515e-03
-4.665257793286797273e-03
1.954586552062705443e-02
1.528698268339182161e-02
1.220683699949374687e-02
5.533683515778781842e-03
-6.460760484418921062e-03
4.171152552193789498e-02
-2.466140078787266640e-02
2.020132843863670438e-02
-6.442580922908730176e-03
1.094703278517428491e-01
2.922167361120552118e-03
3.243105433660281329e-03
3.796600930247930744e-02
1.619064574770632259e-01
-3.172367415531012619e-02
-3.696871088122367921e-02
-9.249765354137871876e-03
2.618398053586237090e-03
3.847406758577309738e-03
-5.084490880699825237e-04
-5.227387421180278160e-03
3.688489042584299892e-03
6.201943562245643138e-02
1.951235442412831145e-02
1.938407081183129640e-02
3.509473107907531975e-02
-7.962807661679537075e-02
-4.521194263000090363e-02
-4.535004645221819841e-02
-2.878378390096442141e-02
-2.075313847528676564e-02
-3.076310710265637779e-02
3.203199087122712840e-02
-2.005724069080965996e-02
-1.008877840895645167e-02
-2.799250394969509011e-03
-7.888180704987370062e-02
5.167276228570641741e-03
1.020295605023549546e-02
-9.992968347686705111e-02
-3.651230556254650081e-03
2.872149434732475942e-02
5.140087231297219006e-03
-5.987695338200658144e-04
-2.451906852213518728e-02
-3.606414642675600732e-03
-2.144051559197294315e-02
1.666130757080410557e-02
-3.364488582695927821e-02
-1.548114112288620633e-03
-8.721456606296763489e-03
6.431107922679805966e-03
-1.464214728921370279e-02
3.746811527441951811e-02
4.203414649923006841e-03
1.557332557692654891e-02
4.479987413125846585e-02
-2.546113050073080253e-03
2.785342720543068640e-02
-5.245197970456545733e-02
-1.504115416837578829e-02
-1.298421458217406677e-02
6.664345245733597004e-03
1.253704782712937969e-02
4.167741941231544595e-02
-1.006929638428178675e-01
-9.597026880941460225e-03
4.122817327082695105e-02
-1.465317323628562672e-02
4.782958422137481569e-02
2.729353791317418176e-02
2.226835719846186404e-02
-1.325193041968241933e-04
-1.415876956948818738e-02
-2.375145043788601598e-02
-5.173973460327552926e-02
1.431522671509741001e-03
-4.620185981105714296e-02
6.539293776374416334e-02
-6.082612490562082364e-02
1.546014677907057641e-02
-3.457838678966816681e-02
2.771257111633251141e-02
-2.607639136235466101e-02
-1.378288685335020934e-02
1.056557731360929960e-02
-1.622256643469279988e-02
2.598204302219800366e-02
-7.455965690478058572e-03
-3.156915990373986708e-02
2.106429974924040049e-02
3.875385757497856395e-03
1.358473210542577615e-02
-7.143478685951709650e-02
4.795185703297148716e-02
-8.735837185929198889e-03
4.418204843034834878e-03
-1.869172346322028888e-02
5.924428355088983550e-02
1.325767372907846464e-01
-2.734175014831285999e-02
1.768618455792554320e-02
-6.894743843780148929e-02
-5.186610232440552748e-02
5.679065648472291991e-03
-5.752822872929946874e-02
-8.075573244893354680e-03
3.168147697436005800e-02
-2.028453665454755389e-02
9.886662682716974154e-03
-7.209777569663866972e-03
-4.633638911980779776e-03
2.795653716982933815e-02
2.359822436923971964e-02
-5.014576837157300182e-02
-1.166941224686989138e-02
-4.848279853777264642e-02
-1.661330180758166172e-02
-2.986223627413519231e-03
-6.265835145579949639e-02
-2.955378544819354733e-02
-7.128617436792114570e-02
-6.186297667610024011e-03
-7.923607172378208108e-03
5.495160757446840294e-02
8.316377024247601987e-03
-4.238294556956073711e-02
-1.225410652698302391e-02
3.004079736002857395e-02
-2.604470256591622998e-02
-8.806119857825442192e-05
6.176628559287201600e-03
1.088892502872542724e-02
-6.904891566181267475e-03
4.096437504737145130e-02
5.089670331075434560e-03
-2.749708256383829111e-02
-7.405162016659766304e-03
2.796168119338717992e-02
-2.475723539085195393e-02
2.120092080847572197e-02
7.645836004765069454e-04
-5.011682721823836062e-02
6.933976648921646134e-03
-1.465090910300080422e-02
2.153746586645490652e-02
8.989601901990955379e-02
-1.012213953611864198e-01
5.517738565864362815e-02
-9.206810709991446184e-02
-1.725231407086452728e-02
3.039619091440616885e-02
-1.026763186580297166e-01
4.628489401814888391e-04
6.696554269595113296e-02
1.913644567777822783e-02
-3.439749584786696429e-02
5.435798209532603092e-02
4.610508170686439949e-02
2.594559214509047865e-03
6.140518646103494682e-03
4.888476228318884564e-02
-8.904669528873823681e-02
-2.784021998760864008e-02
-1.718883483311673885e-02
-1.756775763345161303e-03
-2.925850179822941238e-02
-2.373032885058866219e-03
9.255174814257005264e-03
3.401669032664482450e-02
9.336985503727569108e-03
3.100054196859494682e-02
3.018578801601008374e-02
9.946930676457164250e-03
-1.424406556204077176e-02
2.821258374218296641e-03
-3.702021138085438701e-02
-1.106937213817556082e-01
1.079344945113872196e-02
-2.337767600369655696e-02
-6.011412800057473749e-02
-5.940028686292120330e-03
9.004171227961732873e-03
7.352215031941386654e-03
1.396807515539300049e-02
2.933837678312610497e-02
-1.050347418275735141e-02
1.849378959621166690e-02
-4.239168094898134592e-02
4.540214888619530792e-02
-4.378268544141097895e-02
-2.712802461099780849e-02
-2.562080503870049070e-02
-2.451981060377429050e-02
5.302566155715963004e-04
-2.143713842518958634e-02
-9.997656975236147645e-03
1.384255893008450033e-02
-9.259301862978075448e-03
-3.239424556222948726e-02
-5.479941583420265550e-03
2.020788287837070249e-02
-1.739840752248836969e-02
-2.432194757124399656e-02
2.724096769141030883e-02
-3.412922923120182556e-02
-2.238890760855765522e-02
2.041370127162342799e-02
-6.715663809167653209e-02
5.707751506263433576e-03
4.427918176287273799e-02
-6.943656021718333168e-03
4.849290861695951943e-02
4.951336902606780221e-02
6.192658918093385360e-03
1.548308162053936218e-03
1.829524284010179344e-02
-3.028429741789649687e-02
2.150782005793444931e-02
4.281762491526505676e-02
-1.063827684985479624e-03
1.654387025061291802e-02
5.116598507803869073e-02
-8.049037350856748374e-02
8.253524818840807242e-02
-8.685878012115953381e-03
1.361684727542194703e-02
4.761115592843642459e-04
-3.420393726731394551e-02
-5.748313816944348315e-02
6.448843800489661212e-04
-3.972431730889226104e-03
1.987179039031091235e-02
1.756433806102943376e-02
-1.668471809795805255e-02
1.472822337810929250e-02
-3.005112341890839311e-02
5.656082870978615396e-03
-1.354771992575178573e-02
1.238817134371758208e-02
6.049550178123312867e-03
-7.214891901413610607e-03
-5.431173552065950323e-03
-2.341648508626641492e-02
3.458720519301315688e-02
-6.617605120029990129e-02
-4.311665318100845606e-02
1.385412022144553133e-02
-6.629326425876518047e-02
6.851205816085788325e-03
2.672998301051865942e-03
5.391285124281820079e-03
4.626047356373489544e-02
1.932192877345133980e-02
1.959293082447265133e-02
7.567089521074674141e-02
-7.618110122101594446e-03
-1.708382778071806940e-02
4.761362807335980940e-02
-2.464121044572876312e-03
4.404400076715579357e-03
-2.671475054812738961e-03
9.295455517150805896e-03
9.120590115124282971e-03
2.220567718299694751e-02
-4.743612711687018695e-03
-2.005050213884975938e-02
-2.015044820985721977e-02
-3.994389244198298661e-02
4.130663700513769951e-03
5.119923314569342632e-02
3.213465248287258186e-02
-1.101785763723820821e-03
